%YAML:1.0
# Input-output configuration
input: [848, 800]
output: [848, 800]

# Camera calibration parameter
K1: !!opencv-matrix
   rows: 3
   cols: 3
   dt: d
   data: [ 2.8463424497485983e+02, 0., 4.1679872144966913e+02, 0.,
       2.8579739275360407e+02, 4.0503529612576284e+02, 0., 0., 1. ]
D1: !!opencv-matrix
   rows: 1
   cols: 4
   dt: d
   data: [ -1.2799480705075496e-02, 5.9612322906722116e-02, -5.4224501300993891e-02, 1.1187572112627940e-02 ]
K2: !!opencv-matrix
   rows: 3
   cols: 3
   dt: d
   data: [ 2.8361839536885441e+02, 0., 4.1749423590689923e+02, 0.,
       2.8483352049305381e+02, 4.0432584418490939e+02, 0., 0., 1. ]
D2: !!opencv-matrix
   rows: 1
   cols: 4
   dt: d
   data: [ -5.5203030342850347e-03, 4.2833023947530427e-02,
       -3.9550607191310344e-02, 7.0080977611602178e-03 ]
R: !!opencv-matrix
   rows: 3
   cols: 3
   dt: d
   data: [ 9.9997118819530939e-01, -1.5642911975375720e-03,
       -7.4280396007659110e-03, 1.5860790339999671e-03,
       9.9999445497295603e-01, 2.9282036538690504e-03,
       7.4234178488850984e-03, -2.9399007449117721e-03,
       9.9996812441749905e-01 ]
T: [ -1.2446290962245708e-01, 6.4181580753045148e-04, -7.6744544069164838e-04 ]
